      z[m]      p[mb]      tp[K]    q[g/kg]     u[m/s]     v[m/s]
      0.00,         64,    1009.32
     25.00000000	   1006.45520446	    297.25230046	     15.35311373	      0.00000000	      0.00000000
     75.00000000	   1000.74268403	    297.13760603	     14.48055208	      0.00000000	      0.00000000
    127.84809875	    994.72703274	    297.18643182	     14.17505659	      0.00000000	      0.00000000
    186.71687317	    988.05695881	    297.26928159	     14.02326410	      0.00000000	      0.00000000
    252.29220581	    980.66618660	    297.36269755	     13.89030865	      0.00000000	      0.00000000
    325.33816528	    972.48196002	    297.46694617	     13.73870865	      0.00000000	      0.00000000
    406.70581055	    963.42531830	    297.58802270	     13.54341271	      0.00000000	      0.00000000
    497.34317017	    953.41110817	    297.74005261	     13.27663643	      0.00000000	      0.00000000
    598.30627441	    942.34821432	    297.94473261	     12.91263275	      0.00000000	      0.00000000
    710.77154541	    930.14002563	    298.23001673	     12.42740158	      0.00000000	      0.00000000
    836.04931641	    916.68499034	    298.61203016	     11.83977905	      0.00000000	      0.00000000
    975.59924316	    901.87698615	    299.08967994	     11.20525003	      0.00000000	      0.00000000
   1131.04724121	    885.60591553	    299.66159288	     10.56421590	      0.00000000	      0.00000000
   1304.20446777	    867.75863098	    300.32601091	      9.92719538	      0.00000000	      0.00000000
   1497.08850098	    848.22013572	    301.07955731	      9.29428699	      0.00000000	      0.00000000
   1711.94665527	    826.87545985	    301.92254117	      8.66287997	      0.00000000	      0.00000000
   1951.28234863	    803.61245538	    302.86140415	      8.03188273	      0.00000000	      0.00000000
   2217.88403320	    778.32560457	    303.91002114	      7.40023474	      0.00000000	      0.00000000
   2514.85815430	    750.92080884	    305.09011887	      6.76360967	      0.00000000	      0.00000000
   2845.66479492	    721.32123782	    306.42892164	      6.11081024	      0.00000000	      0.00000000
   3214.15820312	    689.47379285	    307.95199750	      5.42953867	      0.00000000	      0.00000000
   3624.63183594	    655.35641919	    309.68519493	      4.70892573	      0.00000000	      0.00000000
   4081.86840820	    618.98791519	    311.65153712	      3.94661514	      0.00000000	      0.00000000
   4581.86816406	    581.12863683	    313.79883212	      3.17948419	      0.00000000	      0.00000000
   5081.86816406	    545.18022679	    315.85841880	      2.50882115	      0.00000000	      0.00000000
   5581.86816406	    511.04799063	    317.80155746	      1.93714910	      0.00000000	      0.00000000
   6081.86816406	    478.64845400	    319.63924799	      1.45495682	      0.00000000	      0.00000000
   6581.86816406	    447.90209305	    321.34818512	      1.06034620	      0.00000000	      0.00000000
   7081.86816406	    418.73052974	    322.87786376	      0.75318218	      0.00000000	      0.00000000
   7581.86816406	    391.05689819	    324.20129802	      0.52454416	      0.00000000	      0.00000000
   8081.86816406	    364.80881034	    325.33296716	      0.35979077	      0.00000000	      0.00000000
   8581.86816406	    339.91982734	    326.29355347	      0.24554308	      0.00000000	      0.00000000
   9081.86816406	    316.32896523	    327.10379039	      0.16829467	      0.00000000	      0.00000000
   9581.86816406	    293.98029162	    327.79260746	      0.11586045	      0.00000000	      0.00000000
  10081.86816406	    272.82290116	    328.40072631	      0.07942321	      0.00000000	      0.00000000
  10581.86816406	    252.81073393	    328.97626860	      0.05386397	      0.00000000	      0.00000000
  11081.86816406	    233.90220897	    329.57668581	      0.03621326	      0.00000000	      0.00000000
  11581.86816406	    216.06044110	    330.29259433	      0.02421072	      0.00000000	      0.00000000
  12081.86816406	    199.25508671	    331.30249957	      0.01602865	      0.00000000	      0.00000000
  12581.86816406	    183.46608852	    332.94435038	      0.01053025	      0.00000000	      0.00000000
  13081.86816406	    168.68463611	    335.61564961	      0.00717183	      0.00000000	      0.00000000
  13581.86816406	    154.90889867	    339.70106854	      0.00542017	      0.00000000	      0.00000000
  14081.86816406	    142.13771607	    345.53837865	      0.00472906	      0.00000000	      0.00000000
  14581.86816406	    130.36228132	    353.26090815	      0.00470243	      0.00000000	      0.00000000
  15081.86816406	    119.55657917	    362.64900463	      0.00519021	      0.00000000	      0.00000000
  15581.86816406	    109.67137452	    373.10229475	      0.00603884	      0.00000000	      0.00000000
  16081.86816406	    100.63559689	    383.78814246	      0.00696855	      0.00000000	      0.00000000
  16581.86718750	     92.36524056	    393.95096483	      0.00773173	      0.00000000	      0.00000000
  17081.86718750	     84.77600499	    403.23346509	      0.00820351	      0.00000000	      0.00000000
  17581.86718750	     77.79503660	    411.87382134	      0.00837784	      0.00000000	      0.00000000
  18081.86718750	     71.36849574	    420.76561638	      0.00837840	      0.00000000	      0.00000000
  18581.86718750	     65.46448869	    431.42173464	      0.00834996	      0.00000000	      0.00000000
  19081.86718750	     60.06036739	    443.99937038	      0.00833124	      0.00000000	      0.00000000
  19581.86718750	     55.12334373	    457.18910506	      0.00832935	      0.00000000	      0.00000000
  20081.86718750	     50.60882354	    469.92140661	      0.00833330	      0.00000000	      0.00000000
  20590.05468750	     46.40555604	    482.09718354	      0.00833847	      0.00000000	      0.00000000
  21149.06054688	     42.18277808	    495.00724162	      0.00834347	      0.00000000	      0.00000000
  21763.96679688	     37.97568672	    509.44496597	      0.00834697	      0.00000000	      0.00000000
  22440.36328125	     33.82663728	    526.17981558	      0.00834863	      0.00000000	      0.00000000
  23184.40039062	     29.78264080	    545.69448889	      0.00834923	      0.00000000	      0.00000000
  24002.83984375	     25.89089486	    568.22250389	      0.00834953	      0.00000000	      0.00000000
  24903.12304688	     22.19610718	    594.12406004	      0.00834961	      0.00000000	      0.00000000
  25893.43554688	     18.73963312	    624.04561010	      0.00834963	      0.00000000	      0.00000000
  26982.77929688	     15.55975154	    658.65507541	      0.00834951	      0.00000000	      0.00000000
  10000.00,         64,    1009.32
     25.00000000	   1006.45520446	    297.25230046	     15.35311373	      0.00000000	      0.00000000
     75.00000000	   1000.74268403	    297.13760603	     14.48055208	      0.00000000	      0.00000000
    127.84809875	    994.72703274	    297.18643182	     14.17505659	      0.00000000	      0.00000000
    186.71687317	    988.05695881	    297.26928159	     14.02326410	      0.00000000	      0.00000000
    252.29220581	    980.66618660	    297.36269755	     13.89030865	      0.00000000	      0.00000000
    325.33816528	    972.48196002	    297.46694617	     13.73870865	      0.00000000	      0.00000000
    406.70581055	    963.42531830	    297.58802270	     13.54341271	      0.00000000	      0.00000000
    497.34317017	    953.41110817	    297.74005261	     13.27663643	      0.00000000	      0.00000000
    598.30627441	    942.34821432	    297.94473261	     12.91263275	      0.00000000	      0.00000000
    710.77154541	    930.14002563	    298.23001673	     12.42740158	      0.00000000	      0.00000000
    836.04931641	    916.68499034	    298.61203016	     11.83977905	      0.00000000	      0.00000000
    975.59924316	    901.87698615	    299.08967994	     11.20525003	      0.00000000	      0.00000000
   1131.04724121	    885.60591553	    299.66159288	     10.56421590	      0.00000000	      0.00000000
   1304.20446777	    867.75863098	    300.32601091	      9.92719538	      0.00000000	      0.00000000
   1497.08850098	    848.22013572	    301.07955731	      9.29428699	      0.00000000	      0.00000000
   1711.94665527	    826.87545985	    301.92254117	      8.66287997	      0.00000000	      0.00000000
   1951.28234863	    803.61245538	    302.86140415	      8.03188273	      0.00000000	      0.00000000
   2217.88403320	    778.32560457	    303.91002114	      7.40023474	      0.00000000	      0.00000000
   2514.85815430	    750.92080884	    305.09011887	      6.76360967	      0.00000000	      0.00000000
   2845.66479492	    721.32123782	    306.42892164	      6.11081024	      0.00000000	      0.00000000
   3214.15820312	    689.47379285	    307.95199750	      5.42953867	      0.00000000	      0.00000000
   3624.63183594	    655.35641919	    309.68519493	      4.70892573	      0.00000000	      0.00000000
   4081.86840820	    618.98791519	    311.65153712	      3.94661514	      0.00000000	      0.00000000
   4581.86816406	    581.12863683	    313.79883212	      3.17948419	      0.00000000	      0.00000000
   5081.86816406	    545.18022679	    315.85841880	      2.50882115	      0.00000000	      0.00000000
   5581.86816406	    511.04799063	    317.80155746	      1.93714910	      0.00000000	      0.00000000
   6081.86816406	    478.64845400	    319.63924799	      1.45495682	      0.00000000	      0.00000000
   6581.86816406	    447.90209305	    321.34818512	      1.06034620	      0.00000000	      0.00000000
   7081.86816406	    418.73052974	    322.87786376	      0.75318218	      0.00000000	      0.00000000
   7581.86816406	    391.05689819	    324.20129802	      0.52454416	      0.00000000	      0.00000000
   8081.86816406	    364.80881034	    325.33296716	      0.35979077	      0.00000000	      0.00000000
   8581.86816406	    339.91982734	    326.29355347	      0.24554308	      0.00000000	      0.00000000
   9081.86816406	    316.32896523	    327.10379039	      0.16829467	      0.00000000	      0.00000000
   9581.86816406	    293.98029162	    327.79260746	      0.11586045	      0.00000000	      0.00000000
  10081.86816406	    272.82290116	    328.40072631	      0.07942321	      0.00000000	      0.00000000
  10581.86816406	    252.81073393	    328.97626860	      0.05386397	      0.00000000	      0.00000000
  11081.86816406	    233.90220897	    329.57668581	      0.03621326	      0.00000000	      0.00000000
  11581.86816406	    216.06044110	    330.29259433	      0.02421072	      0.00000000	      0.00000000
  12081.86816406	    199.25508671	    331.30249957	      0.01602865	      0.00000000	      0.00000000
  12581.86816406	    183.46608852	    332.94435038	      0.01053025	      0.00000000	      0.00000000
  13081.86816406	    168.68463611	    335.61564961	      0.00717183	      0.00000000	      0.00000000
  13581.86816406	    154.90889867	    339.70106854	      0.00542017	      0.00000000	      0.00000000
  14081.86816406	    142.13771607	    345.53837865	      0.00472906	      0.00000000	      0.00000000
  14581.86816406	    130.36228132	    353.26090815	      0.00470243	      0.00000000	      0.00000000
  15081.86816406	    119.55657917	    362.64900463	      0.00519021	      0.00000000	      0.00000000
  15581.86816406	    109.67137452	    373.10229475	      0.00603884	      0.00000000	      0.00000000
  16081.86816406	    100.63559689	    383.78814246	      0.00696855	      0.00000000	      0.00000000
  16581.86718750	     92.36524056	    393.95096483	      0.00773173	      0.00000000	      0.00000000
  17081.86718750	     84.77600499	    403.23346509	      0.00820351	      0.00000000	      0.00000000
  17581.86718750	     77.79503660	    411.87382134	      0.00837784	      0.00000000	      0.00000000
  18081.86718750	     71.36849574	    420.76561638	      0.00837840	      0.00000000	      0.00000000
  18581.86718750	     65.46448869	    431.42173464	      0.00834996	      0.00000000	      0.00000000
  19081.86718750	     60.06036739	    443.99937038	      0.00833124	      0.00000000	      0.00000000
  19581.86718750	     55.12334373	    457.18910506	      0.00832935	      0.00000000	      0.00000000
  20081.86718750	     50.60882354	    469.92140661	      0.00833330	      0.00000000	      0.00000000
  20590.05468750	     46.40555604	    482.09718354	      0.00833847	      0.00000000	      0.00000000
  21149.06054688	     42.18277808	    495.00724162	      0.00834347	      0.00000000	      0.00000000
  21763.96679688	     37.97568672	    509.44496597	      0.00834697	      0.00000000	      0.00000000
  22440.36328125	     33.82663728	    526.17981558	      0.00834863	      0.00000000	      0.00000000
  23184.40039062	     29.78264080	    545.69448889	      0.00834923	      0.00000000	      0.00000000
  24002.83984375	     25.89089486	    568.22250389	      0.00834953	      0.00000000	      0.00000000
  24903.12304688	     22.19610718	    594.12406004	      0.00834961	      0.00000000	      0.00000000
  25893.43554688	     18.73963312	    624.04561010	      0.00834963	      0.00000000	      0.00000000
  26982.77929688	     15.55975154	    658.65507541	      0.00834951	      0.00000000	      0.00000000
