      z[m]      p[mb]      tp[K]    q[g/kg]     u[m/s]     v[m/s]
      0.00,         64,    1009.32
     25.00000000	   1006.45488525	    297.21804618	     15.35902359	      0.00000000	      0.00000000
     75.00000000	   1000.74244076	    297.14325256	     14.67604761	      0.00000000	      0.00000000
    127.84809875	    994.72798054	    297.20508262	     14.49981805	      0.00000000	      0.00000000
    186.71687317	    988.05965629	    297.28270038	     14.39180460	      0.00000000	      0.00000000
    252.29220581	    980.67080514	    297.36770145	     14.28760506	      0.00000000	      0.00000000
    325.33816528	    972.48854072	    297.46150931	     14.15043948	      0.00000000	      0.00000000
    406.70581055	    963.43381614	    297.57343172	     13.96126657	      0.00000000	      0.00000000
    497.34317017	    953.42146484	    297.72023717	     13.68663303	      0.00000000	      0.00000000
    598.30627441	    942.36044968	    297.92815222	     13.29448669	      0.00000000	      0.00000000
    710.77154541	    930.15437627	    298.22596088	     12.76674951	      0.00000000	      0.00000000
    836.04931641	    916.70191489	    298.62072376	     12.14907235	      0.00000000	      0.00000000
    975.59924316	    901.89701927	    299.10433721	     11.51251935	      0.00000000	      0.00000000
   1131.04724121	    885.62951710	    299.67527549	     10.88821495	      0.00000000	      0.00000000
   1304.20446777	    867.78614364	    300.33482083	     10.27752843	      0.00000000	      0.00000000
   1497.08850098	    848.25183029	    301.08228702	      9.67419508	      0.00000000	      0.00000000
   1711.94665527	    826.91152766	    301.91762360	      9.07122510	      0.00000000	      0.00000000
   1951.28234863	    803.65293860	    302.84838752	      8.46228488	      0.00000000	      0.00000000
   2217.88403320	    778.37056606	    303.89416850	      7.84095088	      0.00000000	      0.00000000
   2514.85815430	    750.97094702	    305.08661004	      7.19874048	      0.00000000	      0.00000000
   2845.66479492	    721.37869982	    306.45845332	      6.52386731	      0.00000000	      0.00000000
   3214.15820312	    689.54260625	    308.03299673	      5.80893889	      0.00000000	      0.00000000
   3624.63183594	    655.44210613	    309.82489852	      5.05226741	      0.00000000	      0.00000000
   4081.86840820	    619.09622137	    311.84230626	      4.25916125	      0.00000000	      0.00000000
   4581.86816406	    581.26325775	    314.01933841	      3.46916091	      0.00000000	      0.00000000
   5081.86816406	    545.33972826	    316.08408841	      2.78237587	      0.00000000	      0.00000000
   5581.86816406	    511.22906924	    318.02089829	      2.19416346	      0.00000000	      0.00000000
   6081.86816406	    478.84754194	    319.85509721	      1.68640046	      0.00000000	      0.00000000
   6581.86816406	    448.11647290	    321.57321408	      1.25385155	      0.00000000	      0.00000000
   7081.86816406	    418.95858030	    323.12289622	      0.90290316	      0.00000000	      0.00000000
   7581.86816406	    391.29755634	    324.46790191	      0.63411932	      0.00000000	      0.00000000
   8081.86816406	    365.06115401	    325.62155017	      0.43620443	      0.00000000	      0.00000000
   8581.86816406	    340.18300996	    326.60403466	      0.29593366	      0.00000000	      0.00000000
   9081.86816406	    316.60201650	    327.43157604	      0.19921491	      0.00000000	      0.00000000
   9581.86816406	    294.26180977	    328.12792727	      0.13339452	      0.00000000	      0.00000000
  10081.86816406	    273.11094932	    328.73306823	      0.08877584	      0.00000000	      0.00000000
  10581.86816406	    253.10302757	    329.29836531	      0.05869273	      0.00000000	      0.00000000
  11081.86816406	    234.19636329	    329.88401428	      0.03867708	      0.00000000	      0.00000000
  11581.86816406	    216.35396957	    330.57624166	      0.02550436	      0.00000000	      0.00000000
  12081.86816406	    199.54478741	    331.53090932	      0.01677233	      0.00000000	      0.00000000
  12581.86816406	    183.74653250	    333.03320743	      0.01095318	      0.00000000	      0.00000000
  13081.86816406	    168.94706843	    335.44875090	      0.00731377	      0.00000000	      0.00000000
  13581.86816406	    155.14287364	    339.21345641	      0.00535992	      0.00000000	      0.00000000
  14081.86816406	    142.33577780	    344.81195591	      0.00458921	      0.00000000	      0.00000000
  14581.86816406	    130.52413027	    352.50027652	      0.00457035	      0.00000000	      0.00000000
  15081.86816406	    119.68863228	    362.04145751	      0.00513687	      0.00000000	      0.00000000
  15581.86816406	    109.78299525	    372.75284138	      0.00616247	      0.00000000	      0.00000000
  16081.86816406	    100.73647615	    383.78959349	      0.00738409	      0.00000000	      0.00000000
  16581.86718750	     92.46499371	    394.42781681	      0.00852127	      0.00000000	      0.00000000
  17081.86718750	     84.88366189	    404.26218536	      0.00938076	      0.00000000	      0.00000000
  17581.86718750	     77.91734243	    413.39043921	      0.00988057	      0.00000000	      0.00000000
  18081.86718750	     71.50806465	    422.54292034	      0.01006180	      0.00000000	      0.00000000
  18581.86718750	     65.61782905	    432.94131288	      0.01008622	      0.00000000	      0.00000000
  19081.86718750	     60.21816882	    444.74273400	      0.01007539	      0.00000000	      0.00000000
  19581.86718750	     55.27508850	    457.05434543	      0.01006835	      0.00000000	      0.00000000
  20081.86718750	     50.74780839	    469.24901459	      0.01006757	      0.00000000	      0.00000000
  20590.05468750	     46.53025724	    481.38448049	      0.01006818	      0.00000000	      0.00000000
  21149.06054688	     42.29443858	    494.56955192	      0.01006894	      0.00000000	      0.00000000
  21763.96679688	     38.07677094	    509.26485294	      0.01006949	      0.00000000	      0.00000000
  22440.36328125	     33.91869536	    526.09706573	      0.01006960	      0.00000000	      0.00000000
  23184.40039062	     29.86600349	    545.58208078	      0.01006950	      0.00000000	      0.00000000
  24002.83984375	     25.96507998	    567.95562285	      0.01006950	      0.00000000	      0.00000000
  24903.12304688	     22.26008142	    593.55756102	      0.01006951	      0.00000000	      0.00000000
  25893.43554688	     18.79202636	    622.99444866	      0.01006951	      0.00000000	      0.00000000
  26982.77929688	     15.59947466	    657.04457920	      0.01006951	      0.00000000	      0.00000000
  10000.00,         64,    1009.32
     25.00000000	   1006.45488525	    297.21804618	     15.35902359	      0.00000000	      0.00000000
     75.00000000	   1000.74244076	    297.14325256	     14.67604761	      0.00000000	      0.00000000
    127.84809875	    994.72798054	    297.20508262	     14.49981805	      0.00000000	      0.00000000
    186.71687317	    988.05965629	    297.28270038	     14.39180460	      0.00000000	      0.00000000
    252.29220581	    980.67080514	    297.36770145	     14.28760506	      0.00000000	      0.00000000
    325.33816528	    972.48854072	    297.46150931	     14.15043948	      0.00000000	      0.00000000
    406.70581055	    963.43381614	    297.57343172	     13.96126657	      0.00000000	      0.00000000
    497.34317017	    953.42146484	    297.72023717	     13.68663303	      0.00000000	      0.00000000
    598.30627441	    942.36044968	    297.92815222	     13.29448669	      0.00000000	      0.00000000
    710.77154541	    930.15437627	    298.22596088	     12.76674951	      0.00000000	      0.00000000
    836.04931641	    916.70191489	    298.62072376	     12.14907235	      0.00000000	      0.00000000
    975.59924316	    901.89701927	    299.10433721	     11.51251935	      0.00000000	      0.00000000
   1131.04724121	    885.62951710	    299.67527549	     10.88821495	      0.00000000	      0.00000000
   1304.20446777	    867.78614364	    300.33482083	     10.27752843	      0.00000000	      0.00000000
   1497.08850098	    848.25183029	    301.08228702	      9.67419508	      0.00000000	      0.00000000
   1711.94665527	    826.91152766	    301.91762360	      9.07122510	      0.00000000	      0.00000000
   1951.28234863	    803.65293860	    302.84838752	      8.46228488	      0.00000000	      0.00000000
   2217.88403320	    778.37056606	    303.89416850	      7.84095088	      0.00000000	      0.00000000
   2514.85815430	    750.97094702	    305.08661004	      7.19874048	      0.00000000	      0.00000000
   2845.66479492	    721.37869982	    306.45845332	      6.52386731	      0.00000000	      0.00000000
   3214.15820312	    689.54260625	    308.03299673	      5.80893889	      0.00000000	      0.00000000
   3624.63183594	    655.44210613	    309.82489852	      5.05226741	      0.00000000	      0.00000000
   4081.86840820	    619.09622137	    311.84230626	      4.25916125	      0.00000000	      0.00000000
   4581.86816406	    581.26325775	    314.01933841	      3.46916091	      0.00000000	      0.00000000
   5081.86816406	    545.33972826	    316.08408841	      2.78237587	      0.00000000	      0.00000000
   5581.86816406	    511.22906924	    318.02089829	      2.19416346	      0.00000000	      0.00000000
   6081.86816406	    478.84754194	    319.85509721	      1.68640046	      0.00000000	      0.00000000
   6581.86816406	    448.11647290	    321.57321408	      1.25385155	      0.00000000	      0.00000000
   7081.86816406	    418.95858030	    323.12289622	      0.90290316	      0.00000000	      0.00000000
   7581.86816406	    391.29755634	    324.46790191	      0.63411932	      0.00000000	      0.00000000
   8081.86816406	    365.06115401	    325.62155017	      0.43620443	      0.00000000	      0.00000000
   8581.86816406	    340.18300996	    326.60403466	      0.29593366	      0.00000000	      0.00000000
   9081.86816406	    316.60201650	    327.43157604	      0.19921491	      0.00000000	      0.00000000
   9581.86816406	    294.26180977	    328.12792727	      0.13339452	      0.00000000	      0.00000000
  10081.86816406	    273.11094932	    328.73306823	      0.08877584	      0.00000000	      0.00000000
  10581.86816406	    253.10302757	    329.29836531	      0.05869273	      0.00000000	      0.00000000
  11081.86816406	    234.19636329	    329.88401428	      0.03867708	      0.00000000	      0.00000000
  11581.86816406	    216.35396957	    330.57624166	      0.02550436	      0.00000000	      0.00000000
  12081.86816406	    199.54478741	    331.53090932	      0.01677233	      0.00000000	      0.00000000
  12581.86816406	    183.74653250	    333.03320743	      0.01095318	      0.00000000	      0.00000000
  13081.86816406	    168.94706843	    335.44875090	      0.00731377	      0.00000000	      0.00000000
  13581.86816406	    155.14287364	    339.21345641	      0.00535992	      0.00000000	      0.00000000
  14081.86816406	    142.33577780	    344.81195591	      0.00458921	      0.00000000	      0.00000000
  14581.86816406	    130.52413027	    352.50027652	      0.00457035	      0.00000000	      0.00000000
  15081.86816406	    119.68863228	    362.04145751	      0.00513687	      0.00000000	      0.00000000
  15581.86816406	    109.78299525	    372.75284138	      0.00616247	      0.00000000	      0.00000000
  16081.86816406	    100.73647615	    383.78959349	      0.00738409	      0.00000000	      0.00000000
  16581.86718750	     92.46499371	    394.42781681	      0.00852127	      0.00000000	      0.00000000
  17081.86718750	     84.88366189	    404.26218536	      0.00938076	      0.00000000	      0.00000000
  17581.86718750	     77.91734243	    413.39043921	      0.00988057	      0.00000000	      0.00000000
  18081.86718750	     71.50806465	    422.54292034	      0.01006180	      0.00000000	      0.00000000
  18581.86718750	     65.61782905	    432.94131288	      0.01008622	      0.00000000	      0.00000000
  19081.86718750	     60.21816882	    444.74273400	      0.01007539	      0.00000000	      0.00000000
  19581.86718750	     55.27508850	    457.05434543	      0.01006835	      0.00000000	      0.00000000
  20081.86718750	     50.74780839	    469.24901459	      0.01006757	      0.00000000	      0.00000000
  20590.05468750	     46.53025724	    481.38448049	      0.01006818	      0.00000000	      0.00000000
  21149.06054688	     42.29443858	    494.56955192	      0.01006894	      0.00000000	      0.00000000
  21763.96679688	     38.07677094	    509.26485294	      0.01006949	      0.00000000	      0.00000000
  22440.36328125	     33.91869536	    526.09706573	      0.01006960	      0.00000000	      0.00000000
  23184.40039062	     29.86600349	    545.58208078	      0.01006950	      0.00000000	      0.00000000
  24002.83984375	     25.96507998	    567.95562285	      0.01006950	      0.00000000	      0.00000000
  24903.12304688	     22.26008142	    593.55756102	      0.01006951	      0.00000000	      0.00000000
  25893.43554688	     18.79202636	    622.99444866	      0.01006951	      0.00000000	      0.00000000
  26982.77929688	     15.59947466	    657.04457920	      0.01006951	      0.00000000	      0.00000000
