      z[m]      p[mb]      tp[K]    q[g/kg]     u[m/s]     v[m/s]
      0.00,         64,    1009.32
     25.00000000	   1006.42826085	    295.07166298	     12.59692591	      0.00000000	      0.00000000
     75.00000000	   1000.66279768	    294.96030242	     12.05602715	      0.00000000	      0.00000000
    127.84809875	    994.59250393	    295.00402637	     11.91185930	      0.00000000	      0.00000000
    186.71687317	    987.86229286	    295.06545650	     11.82746990	      0.00000000	      0.00000000
    252.29220581	    980.40493832	    295.13367138	     11.75213330	      0.00000000	      0.00000000
    325.33816528	    972.14693602	    295.20701346	     11.65948901	      0.00000000	      0.00000000
    406.70581055	    963.00852728	    295.29112868	     11.53657868	      0.00000000	      0.00000000
    497.34317017	    952.90367683	    295.39634188	     11.36171774	      0.00000000	      0.00000000
    598.30627441	    941.74018998	    295.54068236	     11.10834203	      0.00000000	      0.00000000
    710.77154541	    929.42020974	    295.75425687	     10.74086452	      0.00000000	      0.00000000
    836.04931641	    915.84108710	    296.06980390	     10.24532005	      0.00000000	      0.00000000
    975.59924316	    900.89602385	    296.49444105	      9.66937915	      0.00000000	      0.00000000
   1131.04724121	    884.47442272	    297.01725579	      9.08454183	      0.00000000	      0.00000000
   1304.20446777	    866.46259124	    297.62919268	      8.52457458	      0.00000000	      0.00000000
   1497.08850098	    846.74503191	    298.32552230	      7.99309343	      0.00000000	      0.00000000
   1711.94665527	    825.20649910	    299.10926308	      7.47950064	      0.00000000	      0.00000000
   1951.28234863	    801.73513607	    299.99570827	      6.96760551	      0.00000000	      0.00000000
   2217.88403320	    776.22669148	    301.00838791	      6.43867057	      0.00000000	      0.00000000
   2514.85815430	    748.58917548	    302.16823276	      5.87863840	      0.00000000	      0.00000000
   2845.66479492	    718.74810872	    303.49260716	      5.27882695	      0.00000000	      0.00000000
   3214.15820312	    686.65267720	    304.99783922	      4.63414764	      0.00000000	      0.00000000
   3624.63183594	    652.28255950	    306.69037771	      3.94983320	      0.00000000	      0.00000000
   4081.86840820	    615.65543459	    308.54216771	      3.25200076	      0.00000000	      0.00000000
   4581.86816406	    577.53053734	    310.45952531	      2.58398744	      0.00000000	      0.00000000
   5081.86816406	    541.32796072	    312.26032545	      2.00832480	      0.00000000	      0.00000000
   5581.86816406	    506.95308080	    313.95356001	      1.51654169	      0.00000000	      0.00000000
   6081.86816406	    474.32251968	    315.51022785	      1.10807619	      0.00000000	      0.00000000
   6581.86816406	    443.35394260	    316.88255716	      0.78560475	      0.00000000	      0.00000000
   7081.86816406	    413.96732477	    318.05625578	      0.54307310	      0.00000000	      0.00000000
   7581.86816406	    386.08813785	    319.05313915	      0.36748868	      0.00000000	      0.00000000
   8081.86816406	    359.64817264	    319.89346315	      0.24542980	      0.00000000	      0.00000000
   8581.86816406	    334.58453214	    320.59408613	      0.16317705	      0.00000000	      0.00000000
   9081.86816406	    310.83922104	    321.18166248	      0.10839011	      0.00000000	      0.00000000
   9581.86816406	    288.35935933	    321.69728833	      0.07174042	      0.00000000	      0.00000000
  10081.86816406	    267.09713696	    322.19021782	      0.04720110	      0.00000000	      0.00000000
  10581.86816406	    247.00947703	    322.72020293	      0.03096079	      0.00000000	      0.00000000
  11081.86816406	    228.05839077	    323.38345919	      0.02027803	      0.00000000	      0.00000000
  11581.86816406	    210.21322378	    324.37163714	      0.01317867	      0.00000000	      0.00000000
  12081.86816406	    193.45458660	    326.02911731	      0.00853362	      0.00000000	      0.00000000
  12581.86816406	    177.77412926	    328.71976698	      0.00578640	      0.00000000	      0.00000000
  13081.86816406	    163.17227637	    332.93519132	      0.00443477	      0.00000000	      0.00000000
  13581.86816406	    149.65405726	    339.15362986	      0.00401744	      0.00000000	      0.00000000
  14081.86816406	    137.21514347	    347.45422444	      0.00422738	      0.00000000	      0.00000000
  14581.86816406	    125.82497865	    357.36429921	      0.00492978	      0.00000000	      0.00000000
  15081.86816406	    115.42181079	    368.11387327	      0.00593764	      0.00000000	      0.00000000
  15581.86816406	    105.92237593	    379.00018186	      0.00702938	      0.00000000	      0.00000000
  16081.86816406	     97.23647870	    389.55572842	      0.00803161	      0.00000000	      0.00000000
  16581.86718750	     89.27751950	    399.51193981	      0.00884674	      0.00000000	      0.00000000
  17081.86718750	     81.96772611	    408.78402256	      0.00943220	      0.00000000	      0.00000000
  17581.86718750	     75.24174304	    417.62034370	      0.00977094	      0.00000000	      0.00000000
  18081.86718750	     69.04998931	    426.76722741	      0.00987564	      0.00000000	      0.00000000
  18581.86718750	     63.35984978	    437.37730628	      0.00987736	      0.00000000	      0.00000000
  19081.86718750	     58.14517409	    449.43962705	      0.00985030	      0.00000000	      0.00000000
  19581.86718750	     53.37240646	    461.91988928	      0.00979687	      0.00000000	      0.00000000
  20081.86718750	     49.00114469	    474.21267667	      0.00968917	      0.00000000	      0.00000000
  20590.05468750	     44.92875482	    486.46602147	      0.00946456	      0.00000000	      0.00000000
  21149.06054688	     40.83876699	    499.81145467	      0.00899395	      0.00000000	      0.00000000
  21763.96679688	     36.76639727	    514.66632472	      0.00812198	      0.00000000	      0.00000000
  22440.36328125	     32.75159224	    531.68436760	      0.00672580	      0.00000000	      0.00000000
  23184.40039062	     28.83852365	    551.36990559	      0.00483929	      0.00000000	      0.00000000
  24002.83984375	     25.07188817	    573.96027036	      0.00275603	      0.00000000	      0.00000000
  24903.12304688	     21.49432175	    599.81954577	      0.00097694	      0.00000000	      0.00000000
  25893.43554688	     18.14550969	    629.56532622	      0.00001260	      0.00000000	      0.00000000
  26982.77929688	     15.06272758	    663.97280443	      0.00000000	      0.00000000	      0.00000000
  10000.00,         64,    1009.32
     25.00000000	   1006.42826085	    295.07166298	     12.59692591	      0.00000000	      0.00000000
     75.00000000	   1000.66279768	    294.96030242	     12.05602715	      0.00000000	      0.00000000
    127.84809875	    994.59250393	    295.00402637	     11.91185930	      0.00000000	      0.00000000
    186.71687317	    987.86229286	    295.06545650	     11.82746990	      0.00000000	      0.00000000
    252.29220581	    980.40493832	    295.13367138	     11.75213330	      0.00000000	      0.00000000
    325.33816528	    972.14693602	    295.20701346	     11.65948901	      0.00000000	      0.00000000
    406.70581055	    963.00852728	    295.29112868	     11.53657868	      0.00000000	      0.00000000
    497.34317017	    952.90367683	    295.39634188	     11.36171774	      0.00000000	      0.00000000
    598.30627441	    941.74018998	    295.54068236	     11.10834203	      0.00000000	      0.00000000
    710.77154541	    929.42020974	    295.75425687	     10.74086452	      0.00000000	      0.00000000
    836.04931641	    915.84108710	    296.06980390	     10.24532005	      0.00000000	      0.00000000
    975.59924316	    900.89602385	    296.49444105	      9.66937915	      0.00000000	      0.00000000
   1131.04724121	    884.47442272	    297.01725579	      9.08454183	      0.00000000	      0.00000000
   1304.20446777	    866.46259124	    297.62919268	      8.52457458	      0.00000000	      0.00000000
   1497.08850098	    846.74503191	    298.32552230	      7.99309343	      0.00000000	      0.00000000
   1711.94665527	    825.20649910	    299.10926308	      7.47950064	      0.00000000	      0.00000000
   1951.28234863	    801.73513607	    299.99570827	      6.96760551	      0.00000000	      0.00000000
   2217.88403320	    776.22669148	    301.00838791	      6.43867057	      0.00000000	      0.00000000
   2514.85815430	    748.58917548	    302.16823276	      5.87863840	      0.00000000	      0.00000000
   2845.66479492	    718.74810872	    303.49260716	      5.27882695	      0.00000000	      0.00000000
   3214.15820312	    686.65267720	    304.99783922	      4.63414764	      0.00000000	      0.00000000
   3624.63183594	    652.28255950	    306.69037771	      3.94983320	      0.00000000	      0.00000000
   4081.86840820	    615.65543459	    308.54216771	      3.25200076	      0.00000000	      0.00000000
   4581.86816406	    577.53053734	    310.45952531	      2.58398744	      0.00000000	      0.00000000
   5081.86816406	    541.32796072	    312.26032545	      2.00832480	      0.00000000	      0.00000000
   5581.86816406	    506.95308080	    313.95356001	      1.51654169	      0.00000000	      0.00000000
   6081.86816406	    474.32251968	    315.51022785	      1.10807619	      0.00000000	      0.00000000
   6581.86816406	    443.35394260	    316.88255716	      0.78560475	      0.00000000	      0.00000000
   7081.86816406	    413.96732477	    318.05625578	      0.54307310	      0.00000000	      0.00000000
   7581.86816406	    386.08813785	    319.05313915	      0.36748868	      0.00000000	      0.00000000
   8081.86816406	    359.64817264	    319.89346315	      0.24542980	      0.00000000	      0.00000000
   8581.86816406	    334.58453214	    320.59408613	      0.16317705	      0.00000000	      0.00000000
   9081.86816406	    310.83922104	    321.18166248	      0.10839011	      0.00000000	      0.00000000
   9581.86816406	    288.35935933	    321.69728833	      0.07174042	      0.00000000	      0.00000000
  10081.86816406	    267.09713696	    322.19021782	      0.04720110	      0.00000000	      0.00000000
  10581.86816406	    247.00947703	    322.72020293	      0.03096079	      0.00000000	      0.00000000
  11081.86816406	    228.05839077	    323.38345919	      0.02027803	      0.00000000	      0.00000000
  11581.86816406	    210.21322378	    324.37163714	      0.01317867	      0.00000000	      0.00000000
  12081.86816406	    193.45458660	    326.02911731	      0.00853362	      0.00000000	      0.00000000
  12581.86816406	    177.77412926	    328.71976698	      0.00578640	      0.00000000	      0.00000000
  13081.86816406	    163.17227637	    332.93519132	      0.00443477	      0.00000000	      0.00000000
  13581.86816406	    149.65405726	    339.15362986	      0.00401744	      0.00000000	      0.00000000
  14081.86816406	    137.21514347	    347.45422444	      0.00422738	      0.00000000	      0.00000000
  14581.86816406	    125.82497865	    357.36429921	      0.00492978	      0.00000000	      0.00000000
  15081.86816406	    115.42181079	    368.11387327	      0.00593764	      0.00000000	      0.00000000
  15581.86816406	    105.92237593	    379.00018186	      0.00702938	      0.00000000	      0.00000000
  16081.86816406	     97.23647870	    389.55572842	      0.00803161	      0.00000000	      0.00000000
  16581.86718750	     89.27751950	    399.51193981	      0.00884674	      0.00000000	      0.00000000
  17081.86718750	     81.96772611	    408.78402256	      0.00943220	      0.00000000	      0.00000000
  17581.86718750	     75.24174304	    417.62034370	      0.00977094	      0.00000000	      0.00000000
  18081.86718750	     69.04998931	    426.76722741	      0.00987564	      0.00000000	      0.00000000
  18581.86718750	     63.35984978	    437.37730628	      0.00987736	      0.00000000	      0.00000000
  19081.86718750	     58.14517409	    449.43962705	      0.00985030	      0.00000000	      0.00000000
  19581.86718750	     53.37240646	    461.91988928	      0.00979687	      0.00000000	      0.00000000
  20081.86718750	     49.00114469	    474.21267667	      0.00968917	      0.00000000	      0.00000000
  20590.05468750	     44.92875482	    486.46602147	      0.00946456	      0.00000000	      0.00000000
  21149.06054688	     40.83876699	    499.81145467	      0.00899395	      0.00000000	      0.00000000
  21763.96679688	     36.76639727	    514.66632472	      0.00812198	      0.00000000	      0.00000000
  22440.36328125	     32.75159224	    531.68436760	      0.00672580	      0.00000000	      0.00000000
  23184.40039062	     28.83852365	    551.36990559	      0.00483929	      0.00000000	      0.00000000
  24002.83984375	     25.07188817	    573.96027036	      0.00275603	      0.00000000	      0.00000000
  24903.12304688	     21.49432175	    599.81954577	      0.00097694	      0.00000000	      0.00000000
  25893.43554688	     18.14550969	    629.56532622	      0.00001260	      0.00000000	      0.00000000
  26982.77929688	     15.06272758	    663.97280443	      0.00000000	      0.00000000	      0.00000000
